Gene	Chr	Start	End	No.SNPs	SNP_start	SNP_end	TopSNP	TopSNP_Pvalue	No.Eigenvalues	Chisq_mBAT	P_mBATcombo	P_mBAT	Chisq_fastBAT	P_fastBAT
CCT8L2	22	17071641	17073700	97	rs5746647	rs7289232	rs147042189	0.0202737	9	5.73823868361328	0.677021177933344	0.765803638836217	29.8066	0.543827
XKR3	22	17264302	17306301	311	rs2845347	rs12171022	rs5746901	0.00190809	13	19.8483348087462	0.0685295552386324	0.0990570561854734	117.575	0.0522542
GAB4	22	17442826	17489112	489	rs5748736	rs2845401	rs7288751	0.000218594	27	39.1971814047303	0.0361868138533302	0.0607902047833858	274.808	0.0257297
IL17RA	22	17565844	17596583	396	rs192498589	rs79236659	rs75243280	0.00113593	25	29.3238026653538	0.162606136188586	0.250607388896506	211.067	0.118023
CECR2	22	17840839	18037852	930	rs9605253	rs12171096	rs1981534	0.000135344	65	87.1521768919484	0.0512113838950354	0.0347795013984015	300.231	0.0961853
SLC25A18	22	18043150	18073761	418	rs5992728	rs16980984	rs117563635	0.0207702	24	22.164526703331	0.732513704851225	0.569447326662696	106.525	0.819455
ATP6V1E1	22	18074902	18111515	408	rs174340	rs13053393	rs117563635	0.0207702	24	21.9791467937895	0.735241552037788	0.580511468523955	94.3728	0.818936
BCL2L13	22	18111621	18213621	662	rs57334802	rs61508970	rs5747353	0.00767941	24	28.0563535565251	0.295846418849381	0.257670144829615	200.952	0.342293
BID	22	18216904	18257536	438	rs79783036	rs11704224	rs1550663	0.00532427	33	37.6705195308797	0.218479766992653	0.263995838607255	197.526	0.184697
MICAL3	22	18270415	18507327	1212	rs11538	rs73376806	rs73153010	0.00098538	65	73.2813581159919	0.224855881186888	0.224973864784462	543.963	0.224738
PEX26	22	18560689	18588162	371	rs55704597	rs4422236	rs73153010	0.00098538	39	41.5846675015848	0.317784018397031	0.358825625688255	177.605	0.282567
TUBA8	22	18592866	18629450	286	rs16981491	rs12329996	rs12171267	0.00440018	27	30.7320940799458	0.367981998805668	0.282280878699564	117.641	0.479244
USP18	22	18632937	18660164	174	rs362017	rs12329996	rs62229504	0.00642654	18	13.5228697058405	0.765796828126668	0.759623031968525	55.6488	0.771717
DGCR6	22	18893541	18901751	51	rs4819758	rs140040762	rs73877005	0.00189056	8	20.1305885620636	0.00595582862770194	0.00985312219035732	69.5745	0.00426763
PRODH	22	18900290	18924066	134	rs4819758	rs2518801	rs73877005	0.00189056	12	28.4266223129675	0.00766844148609658	0.00478931734409147	125.624	0.0192161
DGCR2	22	19023795	19109967	597	rs2518801	rs712959	c("rs807674", "rs1206471")	0.00163838	22	23.3532477354204	0.516392462319181	0.382018242393129	120.074	0.645463
TSSK2	22	19118821	19120135	338	rs916945	rs4819788	c("rs807674", "rs1206471")	0.00163838	19	15.8203376010726	0.743900228417011	0.669229617200305	70.8997	0.795546
GSC2	22	19134506	19137805	326	rs17743642	rs2236760	c("rs807674", "rs1206471")	0.00163838	20	16.6805878286795	0.693080319288283	0.673606341553936	79.5688	0.711032
SLC25A1	22	19163094	19166252	301	rs73158869	rs1206549	c("rs807674", "rs1206471")	0.00163838	21	17.8644780172256	0.556333998268002	0.657563569242784	93.1377	0.442655
CLTCL1	22	19166986	19279242	579	rs8139221	rs1210703	rs5748088	0.000628914	26	26.6401777155961	0.23193060978059	0.428385274386665	192.141	0.146814
HIRA	22	19318221	19434973	459	rs361697	rs5748240	rs112641399	0.00130593	18	29.4534376049355	0.0294294152123826	0.0431113542294178	177.165	0.0223288
C22orf39	22	19338891	19435234	398	rs529363979	rs5748240	rs112942180	0.00258236	15	22.3854361190668	0.0903258068468142	0.0980886317043786	84.0116	0.0836751
MRPL40	22	19420068	19423598	221	rs5748167	rs5746749	rs112942180	0.00258236	11	19.539868135354	0.051355407263557	0.0520648258838325	88.1575	0.0506649
CDC45	22	19466980	19508135	364	rs111802956	rs113309458	rs113850893	0.00150553	18	25.681783048196	0.128349120093453	0.107259601674844	141.505	0.158912
CLDN5	22	19510547	19515068	299	rs1547931	rs2106138	rs113850893	0.00150553	19	30.3095777400644	0.0775751798478858	0.047988350461857	127.723	0.191094
GP1BB	22	19711062	19712294	235	rs5993771	rs41297790	rs13054502	0.0124022	28	33.791234347289	0.345011239002806	0.207831317307965	84.2849	0.57757
TBX1	22	19744226	19771116	257	rs148669807	rs11914260	rs5992481	0.00342654	30	28.4961611047448	0.195527583637764	0.544161949733818	145.385	0.103207
GNB1L	22	19770746	19842462	457	rs73877335	rs737862	rs11089317	0.000572382	32	42.5654904186941	0.0249419511221272	0.100349804195292	280.951	0.0141973
TXNRD2	22	19863040	19929343	611	rs144524524	rs73880057	rs11089317	0.000572382	31	42.1316343568108	0.0379973850536242	0.0876295931205571	328.979	0.0241881
COMT	22	19928894	19957498	525	rs3788309	rs1858770	rs165840	0.00129437	27	38.5252048162269	0.070112997637867	0.0699283569722716	267.957	0.0702986
ARVCF	22	19957419	20004346	562	rs71312725	rs73389755	rs165840	0.00129437	29	37.0616567762971	0.169136275685965	0.144653684927893	253.761	0.202267
TANGO2	22	20004537	20054687	500	rs4646318	rs395446	rs165840	0.00129437	20	29.9822657998512	0.10473200697895	0.070141528351947	183.976	0.198166
DGCR8	22	20067755	20099400	350	rs9605050	rs75050869	rs117148342	0.00862933	17	18.765482398612	0.479236239226925	0.342158172405484	86.0815	0.623938
TRMT2A	22	20099398	20104915	261	rs426894	rs603084	rs117148342	0.00862933	15	13.9427657232732	0.535656910534067	0.529874285394408	65.3747	0.541416
RANBP1	22	20103461	20114878	288	rs1054215	rs412160	rs117148342	0.00862933	15	22.5139637221673	0.159861407214911	0.0950187182822527	86.0153	0.381118
ZDHHC8	22	20116979	20135530	359	rs75798129	rs625749	rs117148342	0.00862933	20	26.0709759223986	0.190742718451491	0.163480533832073	141.381	0.227091
RTN4R	22	20228938	20270769	292	rs4819876	rs7287644	rs117170873	0.0176956	38	29.7751658312741	0.784764648396639	0.827319921900766	117.844	0.721222
DGCR6L	22	20301761	20307603	72	rs855056	rs7287644	rs117170873	0.0176956	16	21.0144809973326	0.33680551684281	0.17795461105047	34.3871	0.640521
ZNF74	22	20748405	20762751	262	rs5753493	rs362087	rs361764	0.0027585	15	18.581251409029	0.186347783591965	0.233340290664271	114.336	0.153785
SCARF2	22	20778874	20792113	310	rs148868491	rs5755236	rs361764	0.0027585	13	18.5611475360382	0.140957289854313	0.137351474125297	118.247	0.144744
KLHL22	22	20795806	20850131	381	rs887021	rs4821963	rs9610418	0.0101877	16	18.9999582598332	0.205426387827613	0.268665346308315	146.938	0.163909
MED15	22	20850200	20941919	451	rs62219034	rs2080195	rs79502570	0.0231964	21	20.5872659854505	0.406925045581504	0.484384098783961	130.264	0.339216
PI4KA	22	21061979	21213705	607	rs11090313	rs5761323	rs117153475	0.00365381	11	7.66099789234017	0.677115936218092	0.743310711182841	80.8257	0.588415
SERPIND1	22	21128401	21142008	299	rs9608348	rs79018377	rs78526724	0.0267828	7	2.70418113862503	0.851855980435189	0.910954024640597	39.2175	0.647972
SNAP29	22	21213295	21245502	322	rs165811	rs5761433	rs184980542	0.0038159	9	5.86971278049877	0.704744816130226	0.752883891338591	41.7409	0.64267
CRKL	22	21271695	21308035	314	rs715579	rs396130	rs184980542	0.0038159	23	16.2043036082272	0.936514704404703	0.846384173798022	58.2663	0.960347
AIFM3	22	21319396	21335649	306	rs184980542	rs2270384	rs184980542	0.0038159	28	14.217711737823	0.977201151702395	0.985570631078186	73.1833	0.945935
LZTR1	22	21336558	21353321	322	rs62238491	rs73164871	rs138582116	0.0454782	28	15.1562080918226	0.981909097624168	0.976739548248896	68.9388	0.9852
THAP7	22	21353393	21356485	295	rs117376431	rs117587161	rs396330	0.0153465	29	15.9008834627073	0.968248982600265	0.976636465468514	76.7744	0.950542
P2RX6	22	21364097	21382302	352	rs121004	rs75694724	rs396330	0.0153465	33	14.4347041576658	0.996004315773651	0.997923610817665	96.4714	0.947611
SLC7A4	22	21383007	21387129	329	rs8139975	rs112102865	rs396330	0.0153465	28	15.8085286244384	0.953698708155405	0.96857064806457	95.9566	0.912776
LRRC74B	22	21400235	21418457	354	rs178294	rs2845422	rs396330	0.0153465	29	18.8025591296318	0.903808627382298	0.926246054099393	108.274	0.862949
HIC2	22	21771660	21805752	6	rs458361	rs460106	rs3747086	0.0856879	2	1.86493100719713	0.315609420724597	0.393582134982322	5.31453	0.256343
TMEM191C	22	21820712	21825558	6	rs458361	rs460106	rs3747086	0.0856879	2	1.86493100719713	0.315609420724597	0.393582134982322	5.31453	0.256343
RIMBP3C	22	21899955	21905750	74	rs5754100	rs146443434	rs117923774	0.114321	8	5.38280454868675	0.782559806511592	0.715986781555434	10.3241	0.826676
UBE2L3	22	21903736	21978323	226	rs5754100	rs3788329	rs73166641	0.0339155	13	12.6910118841853	0.481235000649562	0.471952058583397	55.7996	0.49055
YDJC	22	21982378	21984353	224	rs5754177	rs2034572	rs73166641	0.0339155	11	11.7014019634538	0.450534647148484	0.386501208447513	61.7114	0.51881
CCDC116	22	21987005	21991618	246	rs189485940	rs861830	rs73166641	0.0339155	11	11.355388609752	0.433049248253408	0.413988024697484	56.8101	0.45261
SDF2L1	22	21996591	21998588	249	rs2266963	rs861821	rs73166641	0.0339155	10	7.6264849806015	0.599814264424703	0.665268930244162	57.4429	0.524474
PPIL2	22	22020289	22054304	383	rs4821114	rs74727677	rs8135616	0.0034707	16	10.4122402335014	0.748787576676593	0.844232175046987	102.744	0.533967
YPEL1	22	22051825	22090083	407	rs62235078	rs9610317	rs8135616	0.0034707	15	9.69698681404774	0.816369783041566	0.838355023485603	79.9937	0.788475
MAPK1	22	22113946	22221970	481	rs8137977	rs117189726	rs8135616	0.0034707	21	17.4256297360771	0.784541677600774	0.685004906920817	99.8007	0.840967
PPM1F	22	22273798	22307220	314	rs55762115	rs149970818	rs5995345	0.0124807	16	15.3634805821479	0.519312799480496	0.498194985371534	81.5396	0.540262
TOP3B	22	22311397	22337210	308	rs8137156	rs419893	rs5995345	0.0124807	16	13.7482824830908	0.574423420782705	0.617460005683667	81.169	0.528445
VPREB1	22	22599192	22599927	201	rs5757315	rs6001700	rs6001297	0.0331673	15	17.4728980468005	0.332701277128204	0.291388903099983	61.4273	0.381279
IGLL5	22	23229960	23238291	140	rs17511944	rs150055926	rs418064	0.107021	18	12.8675642983018	0.839276944799871	0.79937983399192	48.9143	0.866756
RSPH14	22	23401593	23487208	385	rs77978020	rs9624048	rs55905897	0.00290018	18	24.2154490806472	0.16892640885217	0.148095275941394	150.188	0.195723
GNAZ	22	23412705	23467219	324	rs882511	rs4822369	rs55905897	0.00290018	18	21.8489360512801	0.254386356034417	0.238761014450767	111.357	0.27166
RAB36	22	23487553	23507850	257	rs1805058	rs743585	rs78635061	0.00746078	13	16.7172207552338	0.258295417412026	0.212555658998527	77.8908	0.320972
BCR	22	23521891	23660224	632	rs4822356	rs9608133	rs112811113	0.000849488	29	23.9927483245677	0.512602647717362	0.729289150889982	208.142	0.285528
IGLL1	22	23915312	23922489	324	rs131373	rs8137495	rs2877164	0.00710775	41	43.526329398641	0.321144863836728	0.36437445835693	196.829	0.2842
DRICH1	22	23950639	23974508	356	rs131416	rs2330579	rs9620314	0.00206125	28	31.0295112003023	0.238726020673538	0.315771625369135	178.644	0.187803
RGL4	22	24030323	24041363	310	rs3207409	rs4820565	rs9608176	0.000382276	10	17.7341720249655	0.0205894262452178	0.0596167953024403	127.605	0.0124277
ZNF70	22	24080869	24093299	252	rs2070445	rs9608186	rs9608176	0.000382276	20	37.4958510298116	0.00993963683085552	0.0101982294736031	180.82	0.00969383
VPREB3	22	24094930	24096612	245	rs7291110	rs5760033	rs9608176	0.000382276	19	37.3828167769399	0.00845062627781168	0.00710412445676375	176.404	0.0104267
C22orf15	22	24105177	24108050	268	rs9612403	rs4413253	rs9608176	0.000382276	16	31.8393759470984	0.0135887344531991	0.0104921740333245	159.837	0.0192752
CHCHD10	22	24108021	24110159	285	rs8135668	rs8135947	rs9608176	0.000382276	16	32.4099477354906	0.012625580859863	0.00883961582864673	159.052	0.022075
MMP11	22	24110413	24126503	399	rs11705400	rs5030613	rs11705400	0.000387506	13	25.1990258881651	0.0282234951533157	0.0217319214351864	151.027	0.0402158
SMARCB1	22	24129118	24180196	509	rs736860	rs8141314	rs5759990	0.000923426	19	31.8581743405212	0.0517434232020691	0.0324232343818629	172.156	0.125128
DERL3	22	24176690	24181315	405	rs112242997	rs1984309	rs113638588	0.0112913	12	13.1117875095446	0.406596981198668	0.360968142651414	80.0839	0.456518
SLC2A11	22	24198890	24228499	555	rs5760034	rs58701465	rs113638588	0.0112913	16	14.13100494581	0.649511591165484	0.588954777307826	100.913	0.700349
MIF	22	24236570	24237414	330	rs6003913	rs58701465	rs113638588	0.0112913	14	12.2401297536403	0.648914769653227	0.587025228118549	69.4494	0.700731
GSTT2B	22	24299601	24303382	136	rs7289663	rs7291499	rs5760114	0.0825398	7	4.71458522440085	0.737325021765539	0.694747055091103	23.072	0.771501
DDTL	22	24309076	24314745	94	rs75808160	rs7291499	rs5760114	0.0825398	7	4.64502760095277	0.734126782631844	0.703190434790959	17.1742	0.760446
DDT	22	24313554	24322019	72	rs113362273	rs7291499	rs6003970	0.129392	6	4.43158957271371	0.7950183994623	0.618481590103988	10.6281	0.868106
CABIN1	22	24407642	24574596	405	rs8140144	rs9624432	rs17641238	0.00989298	23	22.8524543057291	0.405057817175142	0.469414074268975	124.117	0.347741
SUSD2	22	24577455	24585074	260	rs2003756	rs5760271	rs148492066	0.01219	19	21.3083887734881	0.340209029676465	0.320013645430967	99.9058	0.361914
GGT5	22	24615622	24641076	281	rs5760234	rs188431829	rs5760311	0.00258943	22	22.7909435191642	0.324429048063085	0.413613706884633	130.047	0.257778
SPECC1L	22	24666785	24813707	542	rs8140505	rs62234053	rs5760414	0.00212548	18	19.9462537395858	0.156407772706319	0.335853684007117	187.451	0.0972555
ADORA2A	22	24813847	24838325	293	rs79694428	rs62231885	rs5760414	0.00212548	13	19.7754553098369	0.0336483224698019	0.10095240483728	120.215	0.020116
UPB1	22	24890075	24924358	297	rs5760423	rs117279121	rs5760455	0.00176301	18	23.2687217324211	0.00302077011123347	0.180473840514598	254.719	0.00152176
GUCD1	22	24936391	24951903	244	rs181858029	rs5751904	rs5760455	0.00176301	22	29.829244252625	0.00621946908564763	0.122674085794597	203.654	0.00318678
SNRPD3	22	24951926	24978020	219	rs185892389	rs5747734	rs146084507	0.00217735	22	32.6686207630761	0.0353579807028699	0.0666898631621622	136.954	0.0240178
LRRC75B	22	24981588	24989175	169	rs62231927	rs144810123	rs146084507	0.00217735	23	35.0230528569834	0.053182125696009	0.0517420887489214	105.901	0.0547038
GGT1	22	24990778	25024972	163	rs743367	rs6004233	rs146084507	0.00217735	24	37.4084955761431	0.0487997519534576	0.0398200163462183	111.83	0.0629407
PIWIL3	22	25115001	25170687	540	rs145324449	rs5760689	rs118150905	0.0137837	26	18.1712598388442	0.839063293542783	0.869453934077252	124.887	0.792783
SGSM1	22	25202136	25323545	755	rs4822538	rs5760771	rs5752023	0.00794738	40	34.2993865326112	0.745484108958336	0.7240373144712	202.903	0.76445
TMEM211	22	25331065	25342662	266	rs16979156	rs75407234	rs5752023	0.00794738	32	33.4309528008568	0.484411088521629	0.397655149493591	89.7092	0.573487
KIAA1671	22	25348683	25593415	853	rs139741	rs2016805	rs6004459	0.0021634	52	55.8001545851221	0.0838136920590127	0.33397234866493	444.234	0.0461784
CRYBB3	22	25595825	25603326	333	rs875352	rs146091142	rs6004459	0.0021634	31	35.7688442737731	0.0490864284208765	0.25434720386278	224.622	0.0267009
CRYBB2	22	25608531	25627837	346	rs5760886	rs73164639	rs6004459	0.0021634	34	40.3991428962995	0.0483524613581838	0.208446710531694	212.618	0.0269964
MYO18B	22	26138111	26427011	1167	rs7285470	rs5761370	rs133885	0.00200972	63	56.7802583824687	0.625071062992876	0.696207175249187	408.524	0.538159
SEZ6L	22	26565428	26779563	1028	rs134729	rs79294516	rs596089	0.000479103	55	69.3587842897466	0.0363939546680334	0.0921469425143608	594.61	0.0226032
ASPHD2	22	26825226	26840981	374	rs28702590	rs11703192	rs7284717	0.00640942	22	24.6195856062909	0.290777185777173	0.315610027618322	139.757	0.268609
HPS4	22	26839389	26879803	435	rs11090440	rs9613198	rs113641601	0.00649819	24	18.6572417658074	0.667745308139294	0.770013224224441	130.329	0.50935
SRRD	22	26879843	26890624	351	rs3747128	rs11703123	rs77332738	0.0142701	20	19.0405241215997	0.511554330216649	0.519193324859542	105.648	0.503902
TFIP11	22	26887191	26908471	415	rs9613182	rs34473250	rs77332738	0.0142701	22	20.5213664210614	0.544868064706092	0.550462092361693	118.271	0.539246
TPST2	22	26917962	26992681	573	rs17401652	rs67228032	rs77332738	0.0142701	29	25.993664436097	0.628796563070084	0.625829627923119	173.612	0.63174
CRYBB1	22	26995242	27013991	416	rs9608498	rs4822766	rs113853484	0.0148233	23	15.7578000977377	0.79156059143803	0.865439203909588	144.956	0.616073
CRYBA4	22	27017927	27026633	364	rs2267095	rs5761677	rs113853484	0.0148233	22	14.6695716519182	0.787533352865485	0.876023860941231	135.998	0.532099
MN1	22	28144265	28197744	325	rs9625297	rs144475834	rs145343820	0.000897701	45	52.6570894407468	0.115654966556462	0.20190967968816	250.43	0.0798784
PITPNB	22	28247657	28316122	276	rs8136754	rs34734418	rs7287702	0.0188905	17	16.9426356637967	0.489217169171146	0.458259105620203	71.8164	0.52038
TTC28	22	28374002	29075828	1344	rs5762408	rs74277584	rs57071456	0.00657734	24	20.1214992413207	0.413574160537572	0.689846141692935	364.012	0.216569
CHEK2	22	29083731	29138410	319	rs113946564	rs5762799	rs57071456	0.00657734	16	14.9574961624497	0.107780749224834	0.527753766083937	164.163	0.0546558
HSCB	22	29138027	29153503	270	rs5762746	rs9941965	rs5762777	0.010018	12	13.8538298383006	0.120595817781153	0.310139730970579	134.708	0.0720055
CCDC117	22	29168662	29185289	296	rs2347443	rs111735113	rs5762777	0.010018	10	11.6743546434184	0.151243480023482	0.307441727377507	113.677	0.0965193
XBP1	22	29190543	29196585	291	rs5752783	rs141270514	rs5762777	0.010018	9	10.0392307616485	0.279839549230096	0.347318606469193	75.7498	0.229752
ZNRF3	22	29279560	29453476	636	rs115090245	rs134676	rs118029575	0.0215026	23	15.1208671934283	0.856542243928671	0.890249312653696	129.796	0.796907
C22orf31	22	29454660	29457819	295	rs16986951	rs134680	rs60197275	0.199477	10	4.16147961798565	0.989417278873797	0.939768431311679	25.8553	0.994204
KREMEN1	22	29469023	29564321	518	rs5997432	rs79381182	rs12628352	0.00609927	21	22.7572751773744	0.38480118891807	0.357055300353414	150.935	0.414502
EMID1	22	29601885	29655586	375	rs132290	rs13055676	rs4823018	0.00804715	26	39.2115747647755	0.0729542108628862	0.0465316899519638	179.722	0.162849
RHBDD3	22	29655861	29664198	226	rs132375	rs73156525	rs72547435	0.0209941	23	40.8152762757337	0.0240998671066492	0.0124313707491916	113.714	0.290522
EWSR1	22	29663998	29696515	258	rs79381182	rs737883	rs72547435	0.0209941	22	26.4398762100869	0.273054407455591	0.233275781747206	113.579	0.323708
GAS2L1	22	29702572	29708774	158	rs113792603	rs5997467	rs112646111	0.0115629	14	12.931477537844	0.4616956731294	0.531926147478646	67.0436	0.394971
RASL10A	22	29708922	29715668	161	rs2231396	rs75756579	rs112646111	0.0115629	13	13.687049948559	0.390629356349266	0.396246759048636	61.4937	0.385082
AP1B1	22	29723669	29784572	314	rs131179	rs56355388	rs79846777	0.00182017	19	18.5534470899418	0.241591181805807	0.485799605013392	154.526	0.143616
RFPL1	22	29834572	29838444	252	rs5752906	rs56939727	rs113286287	0.00100249	21	28.3632699322667	0.111497907433176	0.130146103585831	149.743	0.0973751
NEFH	22	29876207	29887379	249	rs9613908	rs737981	rs113286287	0.00100249	19	17.3551103946629	0.261802398400835	0.565823500257276	115.621	0.143447
THOC5	22	29901868	29951205	352	rs35040119	rs1800540	rs113286287	0.00100249	17	17.4951985445214	0.211249459282525	0.421334212021954	133.262	0.13028
NIPSNAP1	22	29950797	29977316	289	rs5763286	rs17460259	rs9613979	0.011141	9	11.6149865187914	0.154076313202056	0.235894710090435	85.1069	0.112478
NF2	22	29999545	30094587	429	rs4823047	rs79366718	rs9613979	0.011141	17	20.1363752617704	0.278788453699952	0.267313422470387	125.604	0.290997
CABP7	22	30115992	30127822	286	rs2857647	rs77191376	rs142652641	0.00383123	18	15.025002478562	0.535554812425209	0.660249632309246	92.1868	0.399561
ZMAT5	22	30126945	30163000	345	rs140687911	rs17711377	rs142652641	0.00383123	20	24.7980039468971	0.272964345134748	0.209268490675452	109.74	0.369374
UQCR10	22	30163358	30166402	271	rs2527346	rs249402	rs142652641	0.00383123	13	8.64985370141358	0.6173962118224	0.798844432901715	79.6239	0.329638
ASCC2	22	30184598	30234293	362	rs131264	rs61352751	rs142652641	0.00383123	13	7.49474078009995	0.728680227674033	0.874890513765513	85.7346	0.313573
MTMR3	22	30279158	30426857	512	rs73883320	rs191213463	rs9614125	0.00518055	10	15.1405391027092	0.171926438687943	0.127021445230364	97.9746	0.255822
HORMAD2	22	30476453	30573064	414	rs41281631	rs78276112	rs4443103	0.0104232	14	13.1383766485751	0.428394204779145	0.515657808672664	109.516	0.350667
LIF	22	30636442	30642748	225	rs73164754	rs78822745	rs149661573	0.00576733	28	31.8234344128268	0.372474890780323	0.281755523202817	122.682	0.490755
OSM	22	30658818	30662840	187	rs75558925	rs5753060	rs149661573	0.00576733	26	32.908511520065	0.240049704776723	0.164768846632982	113.279	0.386367
TBC1D10A	22	30687979	30722936	286	rs929271	rs2286442	rs149661573	0.00576733	19	19.9822495496916	0.354331647327696	0.395647015913353	108.014	0.317679
SF3A1	22	30727977	30752908	312	rs11703385	rs35092409	rs141051909	0.011723	13	16.2778465312854	0.219536785980428	0.23445127736577	96.2286	0.206143
CCDC157	22	30752624	30774662	312	rs117524513	rs137948812	rs2299828	0.00246781	12	15.3179562400725	0.186248899942808	0.224507164855783	99.1713	0.15815
RNF215	22	30764800	30817760	448	rs757867	rs9619110	rs2299828	0.00246781	15	19.492451990531	0.186138437839898	0.19227900598819	104.574	0.180336
SEC14L2	22	30792930	30821291	394	rs4390846	rs139307962	rs2299828	0.00246781	16	18.0313329898678	0.235058256770309	0.322065361777621	155.972	0.180379
MTFP1	22	30821611	30825041	310	rs3804077	rs7286523	rs2299828	0.00246781	15	19.732203964441	0.191563536633872	0.182448113659684	137.046	0.201508
SEC14L3	22	30843946	30868004	401	rs150842256	rs4820015	rs2299828	0.00246781	17	22.458570330354	0.238765339265344	0.167720440058203	123.893	0.371401
SEC14L4	22	30884889	30901698	408	rs9606727	rs117382470	rs35764129	0.00931068	14	12.9921235780462	0.619429486956049	0.527143917280252	85.6426	0.694876
SEC14L6	22	30918786	30942728	391	rs12170952	rs4820876	rs5753220	0.0294446	23	18.4504233999656	0.781777045832592	0.732620063132871	92.1446	0.817516
GAL3ST1	22	30950622	30970652	423	rs9608955	rs5753252	rs9609018	0.0161409	24	16.9459714671067	0.751868401073744	0.850957191513815	139.896	0.514737
PES1	22	30972612	31003070	505	rs7290074	rs146457027	rs9609018	0.0161409	22	16.5928924481825	0.719417642426451	0.785412011714361	149.332	0.620259
TCN2	22	31002990	31023258	483	rs112346144	rs5753274	rs9621062	0.00273793	24	22.8658194256008	0.441884304570968	0.527730409561782	185.093	0.363658
SLC35E4	22	31031768	31065003	524	rs71331249	rs9606769	rs71331262	0.00232587	21	25.8948290831716	0.209786331923201	0.210487630657456	176.75	0.209089
DUSP18	22	31048038	31063874	450	rs9609016	rs76424491	rs71331262	0.00232587	18	28.5515605992498	0.0868208262589276	0.0541426524479829	154.814	0.205499
OSBP2	22	31089769	31303811	791	rs5997719	rs3788426	rs75960339	0.000325368	35	48.2119323806221	0.0508809207805307	0.0677473861989954	432.886	0.0407017
MORC2	22	31321117	31364760	205	rs144193765	rs2019182	rs116951946	0.00348726	17	24.0115516887003	0.0999517476964481	0.119121441224663	88.9962	0.085965
SMTN	22	31460091	31500743	365	rs5753425	rs62237392	rs3761430	0.00109201	20	42.6016330251568	0.00390885340805158	0.0023070073892773	242.95	0.0127843
INPP5J	22	31518717	31530683	292	rs13057068	rs28709894	rs56136528	0.000840868	17	29.4807816262197	0.0186781631347482	0.0303419057045444	205.009	0.0134879
PLA2G3	22	31530793	31536494	260	rs9621185	rs4820952	rs56136528	0.000840868	18	32.1033543738757	0.0186036127897818	0.0213757178676509	181.145	0.0164674
RNF185	22	31556168	31603005	301	rs150221132	rs2078803	rs55997441	0.000684693	18	38.6195814398922	0.00504694948490902	0.00320427854967907	190.517	0.0118747
LIMK2	22	31608225	31676066	316	rs5749224	rs140074	rs111326988	0.000617553	12	25.1230892390108	0.00899806266068226	0.0142502429541066	134.495	0.0065744
PIK3IP1	22	31677580	31688520	199	rs74582774	rs2240427	rs111326988	0.000617553	9	21.9999345253926	0.0103979633374047	0.00887918496363851	90.6254	0.0125432
PATZ1	22	31721790	31742332	221	rs8143159	rs5997971	rs111326988	0.000617553	11	28.752907798906	0.00176951137653159	0.00247911505473144	134.319	0.00137573
DRG1	22	31795590	31926620	515	rs9609264	rs62237796	rs5753577	0.0011795	12	24.6612611275639	0.00470323134825712	0.0165121791656129	187.764	0.0027419
EIF4ENIF1	22	31832963	31892094	342	rs2413052	rs146706220	rs73158601	0.00124195	10	24.120374311693	0.00845163223412071	0.00728721160495931	170.846	0.0100588
SFI1	22	31884674	32014574	649	rs62236215	rs16989385	rs16989650	0.00163864	9	21.655614201764	0.00634871150851013	0.0100369148389965	291.533	0.00464255
PISD	22	32014477	32058207	427	rs147565484	rs149364340	rs5998093	0.000928818	9	23.6986845692446	0.0028616535252125	0.00480398384538297	223.908	0.00203774
PRR14L	22	32072242	32146126	439	rs62237839	rs144743439	rs5998093	0.000928818	11	35.0652262954971	0.000460583595476516	0.00024173666748671	222.786	0.00486386
DEPDC5	22	32149853	32304019	614	rs5998098	rs2853887	rs2157212	0.00170055	17	32.3810176726299	0.0118738760626633	0.0134882611862577	327.129	0.0106045
YWHAH	22	32340508	32353590	355	rs147756739	rs117185558	rs76263860	0.00293809	15	21.9751395377215	0.0893098056951831	0.108457435541205	163.513	0.0757982
SLC5A1	22	32439248	32509016	477	rs150543416	rs138838153	rs16989883	0.00310853	9	12.6373437612483	0.105245720715984	0.179714259219551	152.476	0.0735925
C22orf42	22	32544993	32555309	361	rs76599991	rs5994496	rs16989883	0.00310853	16	27.3544058601762	0.0490377926731861	0.0377081170813923	180.142	0.0699436
RFPL2	22	32586422	32601060	430	rs146495087	rs5998338	rs145667047	0.00549387	20	24.8728433259593	0.194992763814587	0.206339162301168	197.318	0.184691
SLC5A4	22	32614451	32651334	589	rs140196255	rs4820074	rs4140501	0.000836155	24	30.3478453902203	0.091012501783134	0.17348891161169	268.559	0.0610039
RFPL3	22	32750872	32757148	629	rs62241119	rs150172194	rs2049911	0.00183177	17	22.4242930658179	0.205538102523061	0.168947431715944	197.134	0.258051
RTCB	22	32783569	32808235	616	rs5753986	rs6518780	rs880867	0.00355047	21	16.4205703943895	0.553508292081175	0.745574927675777	188.108	0.320329
BPIFC	22	32809832	32860471	613	rs5754025	rs78964538	rs880867	0.00355047	27	40.6283541118825	0.078549055260691	0.0446983887996837	210.179	0.272975
FBXO7	22	32870663	32894816	421	rs112461465	rs11089573	rs880867	0.00355047	31	43.9683779534217	0.0658186536453279	0.0613986113430573	245.186	0.0709131
SYN3	22	32903807	33454367	1812	rs5998498	rs16991789	rs5749553	0.00224656	72	65.5885101350544	0.382404230179022	0.689704741077587	758.978	0.191905
TIMP3	22	33197691	33259028	510	rs34843069	rs137544	rs62234179	0.00253099	22	23.1527463104606	0.363570760794613	0.393147848546498	184.406	0.336303
ISX	22	35462129	35483380	454	rs5755514	rs9610221	rs145612154	0.00596189	17	28.061495379729	0.0612001593501463	0.0442247730263892	197.873	0.0986529
HMGXB4	22	35653445	35691800	302	rs8139877	rs4386	rs2092330	0.0150784	19	11.0804764216694	0.873874185778483	0.921101724698072	72.9258	0.720338
TOM1	22	35695268	35743985	364	rs78735666	rs116786363	rs138771	0.061016	20	12.2779097716464	0.932411963410163	0.90617842546225	65.6583	0.947287
HMOX1	22	35776354	35790207	282	rs117718592	rs28675383	rs28524801	0.0482475	24	14.5808328213507	0.914731828111147	0.932426434174216	77.1152	0.885025
MCM5	22	35796127	35821424	332	rs133403	rs28661233	rs28524801	0.0482475	23	21.749454308365	0.620049210235187	0.535417140696469	101.106	0.690193
RASD2	22	35936878	35950046	322	rs9622202	rs9622235	rs470110	0.0163816	28	26.4434358585335	0.914861062430082	0.548684157694551	82.9966	0.955732
MB	22	36002811	36033998	388	rs8141397	rs112441180	rs5999923	0.000734506	24	34.9557156864556	0.153879671335495	0.069060183949583	93.8557	0.700077
APOL6	22	36044493	36064451	370	rs140648873	rs138897585	rs5999923	0.000734506	20	27.5939561948227	0.200086842701287	0.119365095804294	104.136	0.433905
APOL5	22	36113919	36125530	266	rs5755848	rs112965607	rs117617596	0.0196797	19	18.455412859183	0.479749398537476	0.492235862152969	78.6705	0.467325
RBFOX2	22	36134783	36424872	604	rs79556356	rs9607306	rs556248984	0.00964028	26	35.3928885594021	0.132066812280443	0.103412007803404	197.566	0.18038
APOL3	22	36536377	36562225	422	rs141173307	rs149602693	rs150829854	0.00121704	28	23.9566502470444	0.528692474003073	0.683821775678056	162.957	0.359933
APOL4	22	36585172	36600886	449	rs11705238	rs13057901	rs150829854	0.00121704	26	27.3224087374551	0.358578065182274	0.39258130464514	154.915	0.327704
APOL2	22	36622255	36636000	436	rs80585	rs116819785	rs147876617	0.00458083	28	36.3540563696678	0.0676321366557056	0.133801860304666	209.157	0.0449535
APOL1	22	36649117	36663576	421	rs9607321	rs1557538	rs5756149	7.22262e-05	25	36.7606337474619	0.00150213510485564	0.0608248221677041	302.463	0.000760346
MYH9	22	36677326	36784055	632	rs140000575	rs28886373	rs5756149	7.22262e-05	31	57.5587161120301	0.000952665614912362	0.0025892721003107	484.112	0.000583714
TXN2	22	36863093	36877687	457	rs75614414	rs6000308	rs5756219	0.00236943	16	22.6833729642028	0.0688245598695688	0.122464401243496	221.95	0.0476116
FOXRED2	22	36883237	36903268	444	rs28634601	rs140870537	rs5756219	0.00236943	18	24.9906391419488	0.0391521358198483	0.12517426251909	226.635	0.0230797
EIF3D	22	36906902	36925231	434	rs139982	rs145245420	rs5756219	0.00236943	24	37.2588329193229	0.0351383509251515	0.041225469209457	230.306	0.0306127
CACNG2	22	36956904	37099797	712	rs728785	rs116994681	rs9622465	0.00475734	38	55.701463253331	0.0482243200169151	0.0318499138178774	330.404	0.0981581
IFT27	22	37154246	37172300	307	rs5750285	rs17810645	rs9622465	0.00475734	20	19.3720865248121	0.366226295522857	0.497771623368372	115.664	0.269079
PVALB	22	37196728	37215523	282	rs2592959	rs2284029	rs8142622	0.0136775	27	26.5112156562893	0.74038019089981	0.490388995397222	75.7372	0.846667
NCF4	22	37257030	37274059	363	rs113467514	rs909486	rs9607388	0.0155364	28	23.939392209939	0.719453355279727	0.684730745662229	111.547	0.748898
CSF2RB	22	37309670	37336481	503	rs34377419	rs75463035	rs141332300	0.00623961	36	27.8588756513575	0.859681664406456	0.832192300552262	135.962	0.879814
TEX33	22	37387161	37403892	469	rs131843	rs710185	rs141332300	0.00623961	28	25.114286519567	0.688552353111071	0.621607888280369	130.306	0.74086
TST	22	37406900	37416224	394	rs4820265	rs148550682	rs141332300	0.00623961	22	20.044433816065	0.606464806417162	0.580260214875972	114.963	0.631254
MPST	22	37415676	37425862	372	rs112845603	rs855786	rs9622529	0.00711372	21	20.5909856839544	0.584171449295664	0.48415286865058	109.989	0.669994
KCTD17	22	37447779	37459430	342	rs743749	rs11089824	rs9622529	0.00711372	23	21.638420214643	0.551164496558923	0.542160168374166	115.066	0.560087
TMPRSS6	22	37461476	37505753	395	rs6000534	rs9622555	rs228910	0.0267176	37	30.9072755931365	0.763257934980376	0.749415954273348	133.778	0.775905
IL2RB	22	37521883	37571094	497	rs855789	rs5995401	rs150943326	0.0154729	39	25.717821270634	0.949052156570038	0.949651975684032	112.035	0.948438
C1QTNF6	22	37576206	37595425	411	rs228947	rs739043	rs150943326	0.0154729	34	21.3850557902755	0.996076052578558	0.954579526876581	76.5234	0.99795
SSTR3	22	37600277	37608517	369	rs2016771	rs55764018	rs150943326	0.0154729	24	12.9355016351592	0.980827752830784	0.967171524288374	75.8855	0.986465
RAC2	22	37621310	37640488	438	rs2543529	rs139346627	rs150943326	0.0154729	27	15.4083926483414	0.955061335834132	0.963305869852286	98.3609	0.942091
CYTH4	22	37678068	37711382	429	rs2285110	rs4820284	rs56272035	0.00457904	37	38.1002040180756	0.410148960845385	0.419154274572147	187.074	0.401289
ELFN2	22	37764000	37823514	442	rs56352850	rs75110580	rs149206673	0.0208675	31	27.531077502331	0.608479731284926	0.645256042994249	184.047	0.568438
MFNG	22	37865101	37882431	273	rs192089481	rs111607065	rs6000745	0.0393472	20	14.1911784331432	0.868630790050479	0.820671912642057	67.8701	0.897091
CARD10	22	37886400	37915549	293	rs12167192	rs12484334	rs6000745	0.0393472	23	18.9174947250677	0.886529411185662	0.706002876377241	66.1834	0.932077
CDC42EP1	22	37956487	37965412	337	rs9610776	rs4456799	rs2294973	0.0334308	20	17.1916492209466	0.629971566285375	0.640496277997029	86.7988	0.619137
LGALS2	22	37966255	37978623	304	rs7285355	rs55740624	rs2294973	0.0334308	20	18.7799243752333	0.539317261061029	0.536169813665021	83.4025	0.542457
GGA1	22	38004732	38029571	347	rs7284657	rs5756763	rs2294973	0.0334308	18	14.3145087451711	0.60608382617366	0.708370686249076	98.6919	0.476126
SH3BP1	22	38030661	38052124	306	rs5995472	rs60411156	rs2294973	0.0334308	14	9.21847139624315	0.712216245965258	0.816805736222818	80.3497	0.510324
PDXP	22	38054730	38062939	255	rs13053965	rs4820300	rs2294973	0.0334308	16	11.2498090219151	0.725244898913094	0.793809676845171	68.6869	0.618164
LGALS1	22	38071643	38075809	266	rs6000847	rs2413482	rs6000851	0.0351964	16	11.9738487991302	0.712360378796687	0.745777999494842	67.3327	0.672356
NOL12	22	38077680	38089483	285	rs117316616	rs147489423	rs6000851	0.0351964	16	11.6351811120386	0.726584835939486	0.768688581954325	68.2196	0.672151
TRIOBP	22	38093055	38172563	401	rs78338419	rs2284058	rs2284057	0.0152879	18	13.3711580253324	0.713825101727884	0.769068831469305	93.2733	0.63792
GCAT	22	38203912	38213183	179	rs73411515	rs16998570	rs2284057	0.0152879	13	6.57812061128887	0.876024364838799	0.922565501855336	42.6706	0.72303
GALR3	22	38219389	38221492	155	rs1129448	rs142595067	rs2284057	0.0152879	13	7.55206145048019	0.808710554218784	0.871509969481975	40.3978	0.666379
ANKRD54	22	38226862	38245334	172	rs5750495	rs2010472	rs2284057	0.0152879	14	7.91274705272607	0.829628546016322	0.893821955326253	44.3595	0.644246
EIF3L	22	38244875	38285414	201	rs8140423	rs7511239	rs2284057	0.0152879	17	15.2125486410399	0.503047811850907	0.58017511248471	67.1236	0.425568
MICALL1	22	38301664	38338829	160	rs2157472	rs13053900	rs12170378	0.0154138	19	20.9977920860275	0.304386898734183	0.33692291371448	69.7034	0.275942
C22orf23	22	38339057	38349676	128	rs139853	rs139897	rs12170378	0.0154138	19	20.7010798417724	0.305607374354786	0.353550303452528	64.6166	0.26597
POLR2F	22	38348614	38437922	235	rs142911007	rs6000994	rs12170378	0.0154138	21	17.1577520830754	0.518233218940145	0.701500189936085	61.7295	0.323551
SOX10	22	38366693	38383429	111	rs12169424	rs4821729	rs12170378	0.0154138	18	18.6132391537572	0.407378807155664	0.415994015381256	48.6569	0.398901
PICK1	22	38452318	38471708	189	rs139900	rs11570719	rs62235119	0.0400688	14	13.6943600969835	0.506414755305483	0.472720880097162	57.5534	0.539966
SLC16A8	22	38474141	38480191	188	rs12628144	rs2076118	rs41307233	0.0678751	14	13.4796520746805	0.540108851299504	0.48915109609172	57.0716	0.589096
BAIAP2L2	22	38480659	38507022	267	rs6519095	rs9610908	rs9610908	0.00341821	14	22.9959206994001	0.114079679337797	0.060336133139117	82.3983	0.459724
PLA2G6	22	38507502	38610785	539	rs56111993	rs7290882	rs7285556	0.00317035	22	17.100529795637	0.653990381570224	0.757788964041325	119.363	0.50021
MAFF	22	38596774	38612514	358	rs5756933	rs12485196	rs7285556	0.00317035	16	14.6929958706871	0.48831444530739	0.547228359895907	91.6303	0.430182
TMEM184B	22	38615298	38669016	385	rs2267369	rs9607531	rs7285556	0.00317035	28	33.4694701329346	0.331054740898128	0.218887628880369	122.56	0.513857
CSNK1E	22	38686697	38714089	237	rs2092076	rs4821785	rs7285556	0.00317035	33	29.7475533000348	0.567970315762778	0.629846006807616	102.068	0.500483
KCNJ4	22	38822332	38851205	268	rs195301	rs1837988	rs1043402	0.00903045	25	25.057961180848	0.452544205243812	0.459129073154818	114.283	0.446
KDELR3	22	38864083	38879452	222	rs196120	rs62228906	rs1043402	0.00903045	23	22.1108532041603	0.430920081222473	0.51356818667221	103.488	0.35661
DDX17	22	38879443	38903665	215	rs116665922	rs5757135	rs4820336	0.00530083	22	18.5772886944606	0.311775049644493	0.671265141332867	106.836	0.151515
DMC1	22	38914953	38966209	226	rs9610964	rs4821797	rs4820336	0.00530083	15	18.6050604640139	0.0387393617890681	0.232191536416039	113.031	0.0208654
FAM227A	22	38974123	39052634	366	rs144252815	rs62228764	rs13054492	0.00233608	10	14.1438155546091	0.035586382964113	0.166532233266187	128.245	0.0197686
CBY1	22	39052641	39069859	282	rs58566154	rs74867304	rs13054492	0.00233608	7	9.46110875066669	0.0293239465889035	0.221222654670137	115.548	0.0155536
TOMM22	22	39077962	39081426	261	rs16999166	rs9835	rs5995603	0.00558599	7	10.2414515541734	0.0521498524770019	0.175298543726796	113.605	0.0303111
JOSD1	22	39081548	39097561	281	rs9610989	rs35496634	rs5995603	0.00558599	8	11.703071503665	0.0458487358095878	0.164951878475857	116.921	0.0263875
GTPBP1	22	39101747	39134304	292	rs6001184	rs7290947	rs6001186	0.00605396	15	20.3402755585829	0.136763436028919	0.159264237779512	118.67	0.119563
SUN2	22	39129295	39190148	323	rs3827357	rs9607580	rs4821815	0.0118552	21	26.6933951205637	0.242013327505918	0.181233679077206	90.882	0.342237
DNAL4	22	39174513	39190203	239	rs2235229	rs9607580	rs17032	0.0172423	20	25.1632026913392	0.330495522010151	0.195258565802673	80.4358	0.575519
NPTXR	22	39214457	39240033	302	rs8135021	rs2413548	rs11705574	0.00685487	21	23.5082198484901	0.416605090308287	0.317491057401073	94.5996	0.534691
CBX6	22	39257427	39268254	304	rs73159314	rs5750702	rs11705574	0.00685487	19	23.7925746961671	0.262357612196851	0.20422961976263	96.7173	0.349418
APOBEC3A	22	39348746	39388783	271	rs7286632	rs2413565	rs78554731	0.00603053	25	16.1931833811574	0.829152755086691	0.908954150870406	69.4947	0.487618
APOBEC3B	22	39378352	39388809	205	rs5750706	rs2413565	rs78554731	0.00603053	22	17.7308439135472	0.639551703074289	0.721821951419636	74.0754	0.531956
APOBEC3C	22	39410262	39416357	156	rs9607599	rs9607606	rs78554731	0.00603053	19	13.4020223723976	0.733347980811584	0.817369470887068	51.2198	0.579069
APOBEC3D	22	39417118	39429282	184	rs9607599	rs17496025	rs78554731	0.00603053	21	13.4701364367652	0.837973900688913	0.891266527682299	59.482	0.709086
APOBEC3F	22	39436609	39451977	310	rs9607599	rs139324	rs78554731	0.00603053	21	16.8673451598952	0.771878794621778	0.719115554288351	67.8249	0.810168
APOBEC3G	22	39473072	39483748	331	rs5757428	rs714013	rs143508949	0.00302373	19	13.3111409251712	0.837076877711741	0.822268819328849	68.2746	0.849782
APOBEC3H	22	39493229	39500072	341	rs5750730	rs139405	rs143508949	0.00302373	18	8.77652736501327	0.942646345009972	0.964696738656646	64.189	0.852421
CBX7	22	39516172	39548685	506	rs9607606	rs55832739	rs143508949	0.00302373	21	18.1101797143274	0.554861743951858	0.642021459810531	131.799	0.458793
PDGFB	22	39619364	39640987	432	rs17000815	rs17304621	rs4473495	0.00545058	25	27.0349691988339	0.309625283110419	0.354139789045861	174.695	0.272203
RPL3	22	39708887	39716394	383	rs9611130	rs7286714	rs80132412	0.0137347	14	13.9393700736979	0.581978009745559	0.454237779519314	82.2669	0.68824
SYNGR1	22	39745930	39781580	378	rs35543144	rs5750825	rs62228374	0.0148477	17	15.9140115021734	0.604742409016508	0.529938767271745	86.9078	0.669342
TAB1	22	39795783	39833065	254	rs3747177	rs17001167	rs4821900	0.00112313	24	25.2568649744743	0.275905644204867	0.391911553922036	116.162	0.203493
MGAT3	22	39853017	39888199	195	rs35748716	rs5757709	rs4821900	0.00112313	25	20.284262393632	0.455103372040202	0.731759556300696	116.425	0.224381
MIEF1	22	39895437	39914137	192	rs5757681	rs116867091	rs4821900	0.00112313	22	21.3031431901701	0.289841750016405	0.502076914218315	109.711	0.181498
ATF4	22	39915700	39918688	189	rs2267412	rs116516050	rs4821900	0.00112313	20	19.0848098249455	0.299207319547514	0.516319587234442	105.752	0.185996
RPS19BP1	22	39925098	39928766	188	rs760713	rs132572	rs4821904	0.0341004	20	16.9353228368145	0.640993965584706	0.657169341560649	65.979	0.624
CACNA1I	22	39966758	40085740	404	rs117186267	rs5750876	rs75701188	0.000706261	32	36.7568988023357	0.220440734043934	0.257865433313845	197.364	0.191258
ENTHD1	22	40139049	40289868	289	rs5757775	rs137989	rs2205969	0.0023927	20	33.7659083665422	0.0212580155956652	0.0277525241231134	190.9	0.0172243
GRAP2	22	40297088	40369725	189	rs11703179	rs743840	rs737815	0.00175768	27	41.0058947480361	0.0295459124582567	0.041132181494891	171.139	0.0230435
FAM83F	22	40390958	40439538	149	rs17001545	rs117790180	rs737815	0.00175768	22	26.988399302679	0.0652188485765666	0.211667417140818	102.07	0.0379449
TNRC6B	22	40440821	40731812	560	rs3021222	rs742140	rs737815	0.00175768	26	30.3400956455345	0.0180883207601656	0.253761415486654	314.154	0.00930995
ADSL	22	40742465	40786467	209	rs13057224	rs35592496	rs4821943	0.0155096	22	24.4298309019889	0.15271429742795	0.325108637308389	90.4249	0.095527
SGSM3	22	40766595	40806293	207	rs4821942	rs117262463	rs77521957	0.00589247	23	24.7895504228745	0.177959911670923	0.361226739842662	104.339	0.111738
MCHR1	22	41075277	41078816	274	rs6001984	rs8135390	rs62236982	0.0199198	11	7.39382696696039	0.720744598984189	0.766353025572937	51.1505	0.661042
SLC25A17	22	41165634	41215403	290	rs12158613	rs531420711	rs138351	0.00565412	14	28.5216804630761	0.0215050443392655	0.0121213306875162	98.2878	0.0933746
ST13	22	41220539	41252643	133	rs117235525	rs117740374	rs138351	0.00565412	18	35.0554082561431	0.016393509461393	0.0093017727119137	85.6817	0.0683003
XPNPEP3	22	41253081	41328819	154	rs12628488	rs113784934	rs138351	0.00565412	19	31.2141667913405	0.0380130096886153	0.0382403949097986	101.841	0.0377883
DNAJB7	22	41255553	41258117	102	rs9611419	rs150252329	rs138351	0.00565412	17	31.0790858540057	0.0285887441179331	0.0195343826106039	76.7512	0.0531433
RBX1	22	41347351	41369313	139	rs5758124	rs9611460	rs5751023	0.00167578	18	32.8437664019318	0.0129233820455628	0.017431681969427	119.858	0.0102672
EP300	22	41488596	41576081	363	rs4821990	rs139478	rs5751039	0.00286456	17	26.2558925875753	0.0424311287590031	0.0699229176771286	126.822	0.0304089
L3MBTL2	22	41601286	41627275	256	rs66776572	rs139533	rs117018441	0.00626699	17	20.5628249570724	0.0682980339665678	0.246457683277656	104.21	0.0388376
CHADL	22	41625514	41636935	226	rs113354489	rs112659552	rs2281336	0.00972697	14	15.5901029494758	0.099496647085753	0.339041418572128	99.9922	0.0559063
RANGAP1	22	41640783	41682191	261	rs2092563	rs141269652	rs2281336	0.00972697	15	18.5953505449246	0.056265855734722	0.232659529955342	121.017	0.0314721
ZC3H7B	22	41697529	41756151	248	rs139502	rs132915	rs7289932	0.0110063	17	22.8377578500987	0.0630183855779924	0.154607432988214	133.47	0.0392172
TEF	22	41763337	41795330	216	rs4552281	rs202657	rs132906	0.0151079	13	20.5109917534856	0.0708890588068178	0.0831808695982497	86.4761	0.0617223
TOB2	22	41829498	41842805	177	rs767593	rs142752746	rs202637	0.00964874	10	16.0656398099592	0.0394837712543052	0.0977687398845787	80.2084	0.0246486
ACO2	22	41843834	41925277	274	rs132901	rs147762501	rs147762501	0.00137717	16	19.5606196277416	0.0762130732340981	0.2406650357096	102.071	0.0443392
PHF5A	22	41855721	41864696	154	rs132914	rs203319	rs137830	0.00937993	12	16.9623491342745	0.0643297243033546	0.151019107746617	67.9854	0.040516
POLR3H	22	41921803	41940610	156	rs144903287	rs11912476	rs147762501	0.00137717	18	23.0789170202082	0.0746677427280161	0.187575705526803	92.5682	0.0459888
CSDC2	22	41957014	41973745	158	rs113912518	rs28741110	rs546314111	0.000854737	16	26.8759356552846	0.0367136144985863	0.0428828636739423	89.1427	0.0320909
PMM1	22	41972904	41985875	143	rs62236521	rs116962367	rs546314111	0.000854737	15	25.9775449512045	0.0269412218689418	0.0382593629655044	88.2136	0.0207834
DESI1	22	41994032	42017047	144	rs56904812	rs132800	rs546314111	0.000854737	16	33.0895913900263	0.00903249174421505	0.00719078354966794	106.92	0.0121418
XRCC6	22	42017167	42060052	160	rs6002408	rs5758431	rs546314111	0.000854737	14	31.709720020005	0.00592829705382714	0.0044044020867718	103.54	0.00906415
MEI1	22	42095507	42195460	398	rs132781	rs77463446	rs140810110	0.00196219	15	31.4604118106597	0.00865435325525798	0.00761867658299072	178.939	0.0100158
CCDC134	22	42196683	42228168	288	rs7291082	rs73163396	rs140810110	0.00196219	15	30.9139581062198	0.0100287316169945	0.00902069180934581	166.798	0.0112903
SREBF2	22	42229083	42303311	422	rs8141783	rs4822071	rs140810110	0.00196219	20	37.7115376183581	0.00893322733688917	0.00960208964277288	274.157	0.00835146
SHISA8	22	42305547	42311078	263	rs74823524	rs4822072	rs150105096	0.00323969	15	27.8007261449818	0.0243415232036949	0.0228502281953654	140.899	0.0260406
TNFRSF13C	22	42318036	42322810	257	rs4820447	rs13053833	rs148437973	0.00412719	16	29.341103456478	0.0329518609463029	0.0217349766319206	134.083	0.0677329
CENPM	22	42334741	42343156	270	rs6002522	rs1062753	c("rs744012", "rs76756093", "rs79784624")	0.0125338	16	20.9743591288517	0.184665499684145	0.179498292833227	113.233	0.190102
WBP2NL	22	42394729	42454460	338	rs8141722	rs79801871	rs181281616	0.0203453	18	16.0991367882512	0.692317507962841	0.585628614271979	63.777	0.76585
NAGA	22	42454338	42466846	212	rs133321	rs111988926	rs28552546	0.0364113	14	10.9205965665199	0.718339283333781	0.692262237863745	41.2959	0.741338
SMDT1	22	42475695	42480288	179	rs133348	rs28842514	rs28552546	0.0364113	14	9.52484210849696	0.713250620944285	0.796033129816636	42.7333	0.576004
NDUFA6	22	42481530	42486888	182	rs5751204	rs2743456	rs28552546	0.0364113	14	9.82468289240812	0.684457168920004	0.774885517145235	45.752	0.543926
CYP2D6	22	42522501	42526867	200	rs133383	rs56070086	rs59390354	0.0678515	16	11.3042887343036	0.811024022638189	0.790325097800315	42.2677	0.828382
TCF20	22	42556019	42739622	648	rs5996113	rs8139546	rs13055337	0.0199446	32	24.2609236428546	0.93708168837031	0.834818515834353	84.4206	0.961536
NFAM1	22	42776413	42828409	407	rs4822111	rs12159371	rs13055337	0.0199446	23	11.7945835501704	0.950528848655657	0.973518998206988	126.744	0.709299
RRP7A	22	42904350	42915802	168	rs112564946	rs137043	rs11912326	0.0348511	24	19.0141301097618	0.762953515827502	0.75123562279664	56.816	0.773805
SERHL2	22	42949623	42970388	166	rs4822141	rs137129	rs61744232	0.0367513	16	15.445031169867	0.512101370772347	0.492316753695312	60.1008	0.531793
POLDIP3	22	42979727	43010968	259	rs55932229	rs34660329	rs8190435	0.00814097	14	10.512124134211	0.675133777547476	0.723865299471256	69.8186	0.615266
CYB5R3	22	43011736	43116876	710	rs77221604	rs36076326	rs5758884	0.000821941	25	25.6937614575145	0.567592370847692	0.42408228313319	83.4875	0.688849
A4GALT	22	43088127	43117304	562	rs5758830	rs13056373	rs5758884	0.000821941	21	20.9857430549224	0.169839437977056	0.459815199091695	255.343	0.0947737
ARFGAP3	22	43192508	43254112	592	rs77247463	rs9623713	rs1969673	0.00805277	17	20.1718663855277	0.287312537636568	0.265533144301369	154.69	0.311724
PACSIN2	22	43231418	43411155	839	rs7286822	rs8137710	rs6003003	0.00382101	18	22.2183960796946	0.214053303369522	0.222433244165511	173.358	0.206193
TTLL1	22	43435522	43485425	486	rs144729827	rs6003071	rs6003003	0.00382101	26	35.2424949846553	0.100060941950054	0.106504277494018	257.007	0.094331
BIK	22	43506756	43525718	379	rs5759128	rs4822261	rs13056252	0.00559928	33	52.7263990812499	0.0287233653153864	0.0160465784030561	232.767	0.131371
MCAT	22	43528215	43539404	366	rs5759149	rs138970	rs7286595	0.0133838	33	43.1818579966892	0.141961883494633	0.110510361201132	203.068	0.195364
TSPO	22	43547553	43559248	448	rs135014	rs35738631	rs55642192	0.0199853	28	28.1919602958608	0.386677414910367	0.454310529425052	182.269	0.32817
TTLL12	22	43562628	43583140	492	rs12019222	rs10427744	rs56221413	0.0109595	29	35.8978062685791	0.243681906930832	0.176560505904921	192.695	0.360936
SCUBE1	22	43593286	43739378	934	rs138903	rs2015869	rs715001	0.00124793	53	60.131778442765	0.18940160896997	0.233313989620993	473.641	0.158165
MPPED1	22	43807202	43903728	632	rs695288	rs137162	rs147518334	0.0112399	34	49.0228833121213	0.0863998721873499	0.0459939708877788	285.7	0.403157
EFCAB6	22	43924624	44208217	1134	rs73167993	rs2269601	rs5764314	0.00213425	23	39.9410542778613	0.0293498100626826	0.015604513360274	330.249	0.215147
SULT4A1	22	44220389	44258393	478	rs9614182	rs4823168	rs5764314	0.00213425	20	22.3523190815992	0.297410642613611	0.321702878875924	162.434	0.275577
PNPLA5	22	44275558	44287893	401	rs62226117	rs9625964	rs138120	0.0110725	21	16.686021842128	0.605588573060394	0.729954377958052	123.737	0.439473
PNPLA3	22	44319672	44360368	495	rs11703607	rs9625971	rs16991199	0.0146116	28	19.4100868804014	0.822281352910046	0.885006671337986	127.051	0.661377
SAMM50	22	44351322	44406411	453	rs6006574	rs2267602	rs16991199	0.0146116	32	19.4023398602267	0.943681784571202	0.960875541526092	114.514	0.900402
PARVB	22	44395091	44568819	957	rs13054885	rs139244	rs11703469	0.00169545	67	63.2819428577714	0.535587419834712	0.606200783205409	410.288	0.461339
PARVG	22	44568836	44615413	602	rs5764546	rs2743846	rs77286890	0.00138509	33	48.2605988897534	0.0660728334879375	0.0420162654476829	268.03	0.149875
PRR5	22	45064427	45133561	747	rs73430430	rs5766013	rs9614882	0.000915521	57	80.8195952607259	0.0349856551176206	0.0206898489705121	405.78	0.110643
PRR5-ARHGAP8	22	45098113	45258586	1280	rs9626227	rs62232243	rs9614882	0.000915521	72	85.7689378968917	0.187075571911014	0.127928355280853	576.736	0.316733
ARHGAP8	22	45148438	45258668	1053	rs59812944	rs62232243	rs132410	0.00252812	61	68.9449957982163	0.260839457474762	0.226618158299357	478.174	0.30361
PHF21B	22	45277042	45405886	979	rs12483795	rs12484773	rs114011252	0.0040848	48	57.9022696320115	0.170383113287119	0.154937205663563	473.376	0.188848
NUP50	22	45559806	45583898	408	rs73167227	rs738180	rs73167227	0.094277	20	7.71925211541891	0.992846334124104	0.993568191476732	58.551	0.991942
KIAA0930	22	45588125	45636775	568	rs73439600	rs3788644	rs2742621	0.0103555	26	22.1078398903741	0.662181182526695	0.682781996639389	143.623	0.639977
UPK3A	22	45680830	45691755	414	rs2294197	rs9614647	rs9615100	0.000839482	23	27.0937803510823	0.0141884968698337	0.251997373923635	252.207	0.00725756
FAM118A	22	45704849	45737836	421	rs6007543	rs6007018	rs9615100	0.000839482	19	22.3619345378428	0.00745346377806111	0.266615320205419	260.255	0.00376697
SMC1B	22	45739944	45809500	439	rs2013686	rs77997643	rs9615100	0.000839482	16	16.0768249267034	0.0262648906393036	0.447611942367307	247.876	0.0132457
RIBC2	22	45809574	45828389	296	rs5765291	rs5765391	rs9614653	0.00318135	19	19.397488651467	0.153737844405652	0.431616718819434	131.483	0.0863447
FBLN1	22	45898118	45997015	661	rs77469532	rs5765566	rs136729	0.000544618	52	56.3245485984612	0.286157306448426	0.316384815779435	278.508	0.259887
ATXN10	22	46067678	46241187	706	rs59268954	rs137981846	rs144993488	0.00487405	27	27.8424837356215	0.369626283108529	0.419128892635778	249.974	0.325976
WNT7B	22	46316246	46373042	537	rs136051	rs4072455	rs10453459	0.0057214	44	45.1022247104887	0.414183499657521	0.425623715506988	278.04	0.402966
PPARA	22	46546424	46639652	450	rs117507958	rs9615938	rs150652065	0.00791245	27	26.1239539618915	0.54465597187559	0.511729418366278	135.395	0.576651
CDPF1	22	46639908	46646208	268	rs12330015	rs73177069	rs78515448	0.0259273	13	11.8081082212667	0.434679102698173	0.543438375856395	71.4155	0.339061
PKDREJ	22	46651560	46659240	287	rs73177036	rs77077813	rs113444899	0.00960459	11	11.1293749713743	0.343254291000261	0.432489206948711	72.2203	0.274335
TTC38	22	46663858	46689905	358	rs4253751	rs9615954	rs145158871	0.00406985	11	11.444067399243	0.199404131784219	0.406844700182019	104.189	0.122795
GTSE1	22	46692767	46726707	402	rs16995065	rs9615355	rs145158871	0.00406985	14	30.1993134164458	0.013776926772629	0.00716377000334068	139.777	0.164899
TRMU	22	46726772	46753237	379	rs73886789	rs76263387	rs145158871	0.00406985	13	28.8639332360163	0.0130302465189953	0.00684306187276872	138.42	0.129481
CELSR1	22	46756731	46933517	1033	rs9615944	rs9616068	rs2049936	5.05365e-05	56	84.843470531809	0.0129612597676184	0.00770778758913066	577.193	0.0405831
GRAMD4	22	46971909	47075687	824	rs4823559	rs34301321	rs738231	1.6198e-05	34	59.4031975400007	0.000948605344402775	0.00448897483750964	855.786	0.000530335
CERK	22	47080307	47134149	544	rs138474	rs2337122	rs801713	8.23224e-05	31	45.0802795811671	0.0169888562231969	0.0490360456305595	389.898	0.0102654
TBC1D22A	22	47158514	47571342	1732	rs6008957	rs2103860	rs35119670	0.00206166	58	35.7178379537931	0.983536686439844	0.990651946562849	354.756	0.931767
BRD1	22	50166931	50221521	418	rs6009845	rs4824109	rs73437718	0.00104108	19	19.2857403246313	0.335099089339946	0.438648230207989	158.984	0.259034
ZBED4	22	50247492	50283728	434	rs149928719	rs4073388	rs74510325	0.00614106	7	5.96419877697338	0.372031552201627	0.543935867685548	95.7364	0.251716
ALG12	22	50293877	50312086	396	rs1569954	rs117560100	rs74510325	0.00614106	10	12.1580982777266	0.241731853325747	0.274614944575249	109.907	0.214712
CRELD2	22	50311815	50321188	345	rs5770731	rs76502866	rs74510325	0.00614106	12	12.0663097584	0.311718451431112	0.440369021731383	107.101	0.227293
PIM3	22	50354416	50357720	214	rs9616369	rs76502866	rs74510325	0.00614106	14	21.74813301282	0.116600694080499	0.0839398285584652	93.4024	0.186231
IL17REL	22	50430240	50451194	240	rs140377817	rs73183369	rs7291940	0.010455	23	29.2984218460492	0.223988853906063	0.170618543866397	127.048	0.311357
TTLL8	22	50453552	50495364	472	rs140377817	rs4838834	rs7291940	0.010455	24	31.364325704608	0.219576064156623	0.143553355885101	176.058	0.390233
MLC1	22	50497820	50523855	568	rs7291872	rs12628151	rs138248	0.00791292	19	17.545138293886	0.424659018945913	0.552987125428924	178.361	0.316435
MOV10L1	22	50528308	50600119	741	rs5771130	rs7292228	rs138248	0.00791292	21	12.4585083037677	0.87735118046206	0.926404977733147	182.508	0.69081
PANX2	22	50609160	50618724	410	rs84504	rs73187272	rs138248	0.00791292	20	14.0678416734895	0.856676635000149	0.827039605398058	98.5889	0.878084
TRABD	22	50624342	50638027	355	rs4838847	rs75455741	rs760755	0.0340161	23	15.3719372967312	0.932859846876038	0.880809650034565	83.4504	0.953498
TUBGCP6	22	50656118	50683452	356	rs35988447	rs73188905	rs28513473	0.0117425	31	20.0754511364276	0.96125382623812	0.934172327319964	104.901	0.972587
HDAC10	22	50683612	50689834	296	rs6537639	rs76879755	rs28513473	0.0117425	28	26.3519477096649	0.847734446184206	0.553705654936994	99.5259	0.91569
MAPK12	22	50683879	50700145	329	rs9617045	rs62241225	rs28513473	0.0117425	29	27.0437777849777	0.763907564902901	0.569343078305565	112.046	0.849928
MAPK11	22	50702142	50709196	306	rs11703673	rs73439323	rs28513473	0.0117425	30	22.2152911850711	0.806148917308441	0.846098176289251	134.235	0.744022
PLXNB2	22	50713408	50746075	366	rs73187269	rs60225523	rs28513473	0.0117425	29	19.1952540389764	0.857464474727439	0.916177938010568	158.936	0.635798
DENND6B	22	50747459	50765441	346	rs1076649	rs191010687	rs28513473	0.0117425	26	19.7949533628135	0.651230015467907	0.801172702340866	162.545	0.390487
PPP6R2	22	50781733	50883519	584	rs28396846	rs5771060	rs12159194	0.014502	27	18.8536862279176	0.780213975650546	0.8752714189436	218.383	0.50027
SBF1	22	50881648	50922352	420	rs114809320	rs131792	rs145052206	0.000514649	32	32.2690202995333	0.719387421399166	0.453457400698057	131.489	0.838235
ADM2	22	50919972	50924869	307	rs34841112	rs131790	rs145052206	0.000514649	35	39.2932829552208	0.601711512851889	0.283472613328272	129.655	0.809935
MIOX	22	50925213	50929077	310	rs12167996	rs131786	rs145052206	0.000514649	36	36.1914325069967	0.714183481859365	0.459713375347209	129.236	0.832461
LMF2	22	50941378	50946131	361	rs9617012	rs12157953	rs145052206	0.000514649	34	36.2451950884663	0.690942179160489	0.364287841874266	132.801	0.840228
NCAPH2	22	50946653	50963209	428	rs4824149	rs1557503	rs145052206	0.000514649	34	36.8417192338745	0.583720395652855	0.338755571397571	161.844	0.764187
SCO2	22	50961997	50964890	386	rs4824153	rs8137301	rs145052206	0.000514649	30	35.1242028244198	0.429820799181997	0.23814920591343	153.813	0.678754
TYMP	22	50964181	50968461	394	rs9616853	rs762676	rs145052206	0.000514649	29	32.8901139875854	0.453197706968948	0.282193314696232	155.571	0.652517
ODF3B	22	50968139	50970935	395	rs117473936	rs86337	rs145052206	0.000514649	28	32.6337256127367	0.401749988163169	0.249493541048026	157.218	0.611536
KLHDC7B	22	50984328	50989452	451	rs144030725	rs112974449	rs145052206	0.000514649	22	22.2116899580354	0.521872278296906	0.447315657627828	154.584	0.59414
SYCE3	22	50989541	51001348	484	rs8143078	rs7285093	rs145052206	0.000514649	22	20.591756634579	0.608753210350826	0.546075560406389	161.842	0.663808
CPT1B	22	51007290	51016894	492	rs138261040	rs6151405	rs145052206	0.000514649	20	18.1261171441039	0.592162039698988	0.579100531436323	168.453	0.604912
CHKB	22	51017388	51039884	525	rs74624637	rs35205773	rs117564340	0.00130476	23	25.3518801712417	0.458058594308483	0.332401278102384	166.524	0.597483
MAPK8IP2	22	51039222	51052409	477	rs7291641	rs6010044	rs117564340	0.00130476	20	23.9949602565794	0.39235615785104	0.242612378042695	152.669	0.605509
ARSA	22	51061182	51066601	381	rs5770911	rs12484572	rs117149437	0.013721	20	24.8411018011717	0.344673738804428	0.207577890326073	136.916	0.577403
SHANK3	22	51112843	51171640	313	rs7288338	rs147475742	rs76867462	0.00300124	31	41.2748778909871	0.0650861851009692	0.102729409501354	258.111	0.04748
ACR	22	51176624	51183767	141	rs7286929	rs9616985	rs76867462	0.00300124	21	29.7807581283148	0.0304323252048346	0.0964829764881124	161.708	0.0180072
RABL2B	22	51205929	51222095	69	rs7291216	rs9616985	rs4824147	0.0134351	13	14.6103172245547	0.284711955297721	0.332307092718101	44.7843	0.246285
